00:00:00.000 1 0.1 0.09983341664682815 0.9950041652780258 0.19866933079506122 0.9800665778412416
00:00:00.037 2 0.2 0.19866933079506122 0.9800665778412416 0.3894183423086505 0.9210609940028851
00:00:00.072 3 0.30000000000000004 0.2955202066613396 0.955336489125606 0.5646424733950355 0.8253356149096782
00:00:00.107 4 0.4 0.3894183423086505 0.9210609940028851 0.7173560908995228 0.6967067093471654
00:00:00.142 5 0.5 0.479425538604203 0.8775825618903728 0.8414709848078965 0.5403023058681398
00:00:00.177 6 0.6000000000000001 0.5646424733950355 0.8253356149096782 0.9320390859672264 0.3623577544766734
00:00:00.211 7 0.7000000000000001 0.6442176872376911 0.7648421872844884 0.9854497299884603 0.16996714290024081
00:00:00.246 8 0.8 0.7173560908995228 0.6967067093471654 0.9995736030415051 -0.029199522301288815
00:00:00.280 9 0.9 0.7833269096274834 0.6216099682706644 0.9738476308781951 -0.2272020946930871
00:00:00.315 10 1.0 0.8414709848078965 0.5403023058681398 0.9092974268256817 -0.4161468365471424
00:00:00.349 11 1.1 0.8912073600614354 0.4535961214255773 0.8084964038195901 -0.5885011172553458
00:00:00.383 12 1.2000000000000002 0.9320390859672264 0.3623577544766734 0.6754631805511506 -0.7373937155412458
00:00:00.417 13 1.3 0.963558185417193 0.26749882862458735 0.5155013718214642 -0.8568887533689473
00:00:00.451 14 1.4000000000000001 0.9854497299884603 0.16996714290024081 0.33498815015590466 -0.9422223406686583
00:00:00.486 15 1.5 0.9974949866040544 0.0707372016677029 0.1411200080598672 -0.9899924966004454
00:00:00.520 16 1.6 0.9995736030415051 -0.029199522301288815 -0.058374143427580086 -0.9982947757947531
00:00:00.555 17 1.7000000000000002 0.9916648104524686 -0.12884449429552486 -0.25554110202683167 -0.9667981925794609
00:00:00.589 18 1.8 0.9738476308781951 -0.2272020946930871 -0.44252044329485246 -0.896758416334147
00:00:00.623 19 1.9000000000000001 0.9463000876874145 -0.3232895668635036 -0.6118578909427193 -0.7909677119144165
00:00:00.658 20 2.0 0.9092974268256817 -0.4161468365471424 -0.7568024953079282 -0.6536436208636119
00:00:00.692 21 2.1 0.8632093666488737 -0.5048461045998576 -0.8715757724135882 -0.4902608213406994
00:00:00.727 22 2.2 0.8084964038195901 -0.5885011172553458 -0.951602073889516 -0.30733286997841935
00:00:00.761 23 2.3000000000000003 0.74570521217672 -0.6662760212798244 -0.9936910036334645 -0.11215252693505398
00:00:00.796 24 2.4000000000000004 0.6754631805511506 -0.7373937155412458 -0.9961646088358406 0.08749898343944727
00:00:00.831 25 2.5 0.5984721441039565 -0.8011436155469337 -0.9589242746631385 0.28366218546322625
00:00:00.866 26 2.6 0.5155013718214642 -0.8568887533689473 -0.8834546557201531 0.4685166713003771
00:00:00.901 27 2.7 0.4273798802338298 -0.9040721420170612 -0.7727644875559871 0.6346928759426347
00:00:00.936 28 2.8000000000000003 0.33498815015590466 -0.9422223406686583 -0.6312666378723208 0.7755658785102502
00:00:00.976 29 2.9000000000000004 0.23924932921398198 -0.9709581651495907 -0.4646021794137566 0.8855195169413194
00:00:01.010 30 3.0 0.1411200080598672 -0.9899924966004454 -0.27941549819892586 0.960170286650366
00:00:01.045 31 3.1 0.04158066243329049 -0.9991351502732795 -0.0830894028174964 0.9965420970232175
00:00:01.079 32 3.2 -0.058374143427580086 -0.9982947757947531 0.11654920485049364 0.9931849187581926
00:00:01.114 33 3.3000000000000003 -0.15774569414324865 -0.9874797699088649 0.3115413635133787 0.9502325919585293
00:00:01.148 34 3.4000000000000004 -0.25554110202683167 -0.9667981925794609 0.49411335113860894 0.8693974903498248
00:00:01.183 35 3.5 -0.35078322768961984 -0.9364566872907963 0.6569865987187891 0.7539022543433046
00:00:01.218 36 3.6 -0.44252044329485246 -0.896758416334147 0.7936678638491531 0.6083513145322546
00:00:01.252 37 3.7 -0.5298361409084934 -0.848100031710408 0.8987080958116269 0.43854732757439036
00:00:01.287 38 3.8000000000000003 -0.6118578909427193 -0.7909677119144165 0.9679196720314865 0.25125984258225487
00:00:01.321 39 3.9000000000000004 -0.6877661591839741 -0.7259323042001399 0.998543345374605 0.05395542056264886
00:00:01.356 40 4.0 -0.7568024953079282 -0.6536436208636119 0.9893582466233818 -0.14550003380861354
00:00:01.390 41 4.1000000000000005 -0.8182771110644108 -0.5748239465332685 0.9407305566797726 -0.33915486098383624
00:00:01.425 42 4.2 -0.8715757724135882 -0.4902608213406994 0.8545989080882804 -0.5192886541166856
00:00:01.459 43 4.3 -0.9161659367494549 -0.40079917207997545 0.7343970978741133 -0.6787200473200125
00:00:01.494 44 4.4 -0.951602073889516 -0.30733286997841935 0.5849171928917617 -0.811093014061656
00:00:01.529 45 4.5 -0.977530117665097 -0.2107957994307797 0.4121184852417566 -0.9111302618846769
00:00:01.564 46 4.6000000000000005 -0.9936910036334645 -0.11215252693505398 0.22288991410024592 -0.974843621404164
00:00:01.599 47 4.7 -0.9999232575641008 -0.01238866346289056 0.024775425453357765 -0.9996930420352065
00:00:01.636 48 4.800000000000001 -0.9961646088358406 0.08749898343944727 -0.1743267812229814 -0.9846878557941267
00:00:01.671 49 4.9 -0.9824526126243325 0.18651236942257576 -0.3664791292519284 -0.9304262721047533
00:00:01.706 50 5.0 -0.9589242746631385 0.28366218546322625 -0.5440211108893698 -0.8390715290764524
00:00:01.741 51 5.1000000000000005 -0.9258146823277321 0.37797774271298107 -0.6998746875935437 -0.7142656520271989
00:00:01.775 52 5.2 -0.8834546557201531 0.4685166713003771 -0.8278264690856537 -0.5609842574272288
00:00:01.810 53 5.300000000000001 -0.8322674422239008 0.5543743361791615 -0.9227754216128073 -0.385338190771828
00:00:01.845 54 5.4 -0.7727644875559871 0.6346928759426347 -0.9809362300664916 -0.1943299064553348
00:00:01.885 55 5.5 -0.7055403255703919 0.70866977429126 -0.9999902065507035 0.004425697988050785
00:00:01.984 56 5.6000000000000005 -0.6312666378723208 0.7755658785102502 -0.979177729151317 0.20300486381875213
00:00:02.081 57 5.7 -0.5506855425976376 0.8347127848391598 -0.9193285256646757 0.3934908663478909
00:00:02.170 58 5.800000000000001 -0.4646021794137566 0.8855195169413194 -0.8228285949687079 0.568289629767975
00:00:02.262 59 5.9 -0.373876664830236 0.9274784307440359 -0.6935250847771224 0.7204324789908387
00:00:02.356 60 6.0 -0.27941549819892586 0.960170286650366 -0.5365729180004349 0.8438539587324921
00:00:02.449 61 6.1000000000000005 -0.18216250427209502 0.9832684384425847 -0.35822928223682704 0.9336336440746379
00:00:02.541 62 6.2 -0.0830894028174964 0.9965420970232175 -0.1656041754483094 0.9861923022788637
00:00:02.634 63 6.300000000000001 0.0168139004843506 0.9998586363834151 0.03362304722113847 0.9994345855010047
00:00:02.743 64 6.4 0.11654920485049364 0.9931849187581926 0.23150982510153895 0.9728325656974354
00:00:02.835 65 6.5 0.21511998808781552 0.9765876257280235 0.4201670368266409 0.9074467814501962
00:00:02.927 66 6.6000000000000005 0.3115413635133787 0.9502325919585293 0.5920735147072245 0.8058839576404497
00:00:03.020 67 6.7 0.4048499206165983 0.9143831482353194 0.7403758899524486 0.6721930835534681
00:00:03.114 68 6.800000000000001 0.49411335113860894 0.8693974903498248 0.8591618148564968 0.5117039924531475
00:00:03.207 69 6.9 0.5784397643882001 0.8157251001253568 0.9436956694441048 0.33081487794904696
00:00:03.302 70 7.0 0.6569865987187891 0.7539022543433046 0.9906073556948704 0.1367372182078336
00:00:03.403 71 7.1000000000000005 0.7289690401258765 0.6845466664428059 0.9980266527163616 -0.06279172292408354
00:00:03.437 72 7.2 0.7936678638491531 0.6083513145322546 0.9656577765492774 -0.25981735621375585
00:00:03.472 73 7.300000000000001 0.8504366206285648 0.5260775173811045 0.8947911721405034 -0.4464848914122672
00:00:03.506 74 7.4 0.8987080958116269 0.43854732757439036 0.7882520673753163 -0.6153524829547208
00:00:03.541 75 7.5 0.9379999767747389 0.3466353178350258 0.6502878401571168 -0.7596879128588213
00:00:03.576 76 7.6000000000000005 0.9679196720314865 0.25125984258225487 0.4863986888537981 -0.873736983011081
00:00:03.610 77 7.7 0.9881682338770004 0.15337386203786435 0.30311835674570226 -0.9529529168871803
00:00:03.645 78 7.800000000000001 0.998543345374605 0.05395542056264886 0.1077536522994423 -0.9941776251838154
00:00:03.680 79 7.9 0.998941341839772 -0.04600212563953695 -0.09190685022768164 -0.9957676088732885
00:00:03.715 80 8.0 0.9893582466233818 -0.14550003380861354 -0.2879033166650653 -0.9576594803233847
00:00:03.749 81 8.1 0.9698898108450863 -0.2435441537357911 -0.47242198639846616 -0.8813724903622346
00:00:03.784 82 8.200000000000001 0.9407305566797726 -0.33915486098383624 -0.6381066823479502 -0.7699479605420695
00:00:03.819 83 8.3 0.9021718337562933 -0.4313768449706208 -0.7783520785342984 -0.627828035246386
00:00:03.853 84 8.4 0.8545989080882804 -0.5192886541166856 -0.8875670335815046 -0.46067858741136253
00:00:03.888 85 8.5 0.7984871126234903 -0.6020119026848236 -0.9613974918795568 -0.27516333805159693
00:00:03.923 86 8.6 0.7343970978741133 -0.6787200473200125 -0.9969000660415961 -0.07867819473184015
00:00:04.006 87 8.700000000000001 0.662969230082182 -0.7486466455973999 -0.9926593804706327 0.12094359992847767
00:00:04.114 88 8.8 0.5849171928917617 -0.811093014061656 -0.948844497918124 0.31574375491924334
00:00:04.205 89 8.9 0.5010208564578846 -0.8654352092411123 -0.8672021794855813 0.49795620278841546
00:00:04.312 90 9.0 0.4121184852417566 -0.9111302618846769 -0.750987246771676 0.6603167082440802
00:00:04.405 91 9.1 0.3190983623493521 -0.9477216021311119 -0.6048328224062841 0.7963524702919231
00:00:04.492 92 9.200000000000001 0.22288991410024592 -0.974843621404164 -0.43456562207189353 0.90064017238477
00:00:04.594 93 9.3 0.1244544235070617 -0.9922253254526034 -0.2469736617366209 0.9690221929390499
00:00:04.700 94 9.4 0.024775425453357765 -0.9996930420352065 -0.04953564087836742 0.9987723565872102
00:00:04.818 95 9.5 -0.0751511204618093 -0.9971721561963784 0.14987720966295234 0.9887046181866692
00:00:04.899 96 9.600000000000001 -0.1743267812229814 -0.9846878557941267 0.3433149288198987 0.9392203466968696
00:00:05.004 97 9.700000000000001 -0.2717606264109442 -0.9623648798313097 0.5230657651576994 0.8522923238654625
00:00:05.092 98 9.8 -0.3664791292519284 -0.9304262721047533 0.6819636200681356 0.7313860956454967
00:00:05.198 99 9.9 -0.45753589377532133 -0.8891911526253609 0.8136737375071054 0.5813218118144357
00:00:05.288 100 10.0 -0.5440211108893698 -0.8390715290764524 0.9129452507276277 0.40808206181339196
00:00:05.393 101 10.100000000000001 -0.6250706488928834 -0.7805681801691826 0.9758205177669763 0.21857336778525918
00:00:05.515 102 10.200000000000001 -0.6998746875935437 -0.7142656520271989 0.9997929001426693 0.02035084333167943
00:00:05.590 103 10.3 -0.7676858097635825 -0.6408264175949933 0.9839066946186161 -0.17868300502473455
00:00:05.663 104 10.4 -0.8278264690856537 -0.5609842574272288 0.9287952340772404 -0.37059332583764143
00:00:05.742 105 10.5 -0.87969575997167 -0.4755369279959925 0.8366556385360561 -0.5477292602242684
00:00:05.848 106 10.600000000000001 -0.9227754216128073 -0.385338190771828 0.7111612229059799 -0.7030289574653885
00:00:05.939 107 10.700000000000001 -0.9566350162701884 -0.29128928172134383 0.5573150535176584 -0.8303011087085271
00:00:06.021 108 10.8 -0.9809362300664916 -0.1943299064553348 0.3812504916549401 -0.9244717749141217
00:00:06.119 109 10.9 -0.9954362533063774 -0.09542885100095065 0.18998667579543774 -0.9817866687932767
00:00:06.223 110 11.0 -0.9999902065507035 0.004425697988050785 -0.008851309290403876 -0.9999608263946371
00:00:06.294 111 11.100000000000001 -0.9945525882039891 0.10423602686569865 -0.20733642060676225 -0.9782697014065067
00:00:06.366 112 11.200000000000001 -0.979177729151317 0.20300486381875213 -0.39755568312143613 -0.9175780505318598
00:00:06.438 113 11.3 -0.954019249902089 0.2997453432770149 -0.5719256551095638 -0.820305458367489
00:00:06.509 114 11.4 -0.9193285256646757 0.3934908663478909 -0.723494756044245 -0.6903298762015725
00:00:06.581 115 11.5 -0.8754521746884285 0.4833047587530059 -0.8462204041751706 -0.5328330203333975
00:00:06.662 116 11.600000000000001 -0.8228285949687079 0.568289629767975 -0.9352099151945402 -0.3540937933963556
00:00:06.750 117 11.700000000000001 -0.7619835839190321 0.6475963386538773 -0.9869155581206493 -0.16123796432418536
00:00:06.832 118 11.8 -0.6935250847771224 0.7204324789908387 -0.9992759921366277 0.03804591356977048
00:00:06.934 119 11.9 -0.6181371122370333 0.7860702961410393 -0.9717984457438633 0.2358130209505226
00:00:07.014 120 12.0 -0.5365729180004349 0.8438539587324921 -0.9055783620066239 0.424179007336997
00:00:07.117 121 12.100000000000001 -0.44964746453459986 0.8932061115093233 -0.8032557266939526 0.5956343152752115
00:00:07.189 122 12.200000000000001 -0.35822928223682704 0.9336336440746379 -0.6689098203780216 0.7433435626961754
00:00:07.260 123 12.3 -0.26323179136580094 0.9647326178866098 -0.5078965903906221 0.8614180480287028
00:00:07.332 124 12.4 -0.1656041754483094 0.9861923022788637 -0.32663512610472223 0.9451505141481711
00:00:07.403 125 12.5 -0.06632189735120068 0.9977982791785807 -0.13235175009777303 0.9912028118634736
00:00:07.477 126 12.600000000000001 0.03362304722113847 0.9994345855010047 0.06720807252547847 0.9977389813911302
00:00:07.565 127 12.700000000000001 0.13323204141994396 0.991084871814253 0.26408852138447286 0.9644984462781486
00:00:07.650 128 12.8 0.23150982510153895 0.9728325656974354 0.4504405942753893 0.8928064017629097
00:00:07.750 129 12.9 0.32747443913769303 0.9448600381598606 0.6188350221200393 0.7855209834229068
00:00:07.865 130 13.0 0.4201670368266409 0.9074467814501962 0.7625584504796027 0.6469193223286404
00:00:07.962 131 13.100000000000001 0.5086614643723752 0.8609666164623057 0.875881079810891 0.48252702932510166
00:00:08.062 132 13.200000000000001 0.5920735147072245 0.8058839576404497 0.954285094492698 0.2988979063644682
00:00:08.157 133 13.3 0.6695697621966024 0.7427491727036695 0.9946447738778381 0.10335266710397087
00:00:08.254 134 13.4 0.7403758899524486 0.6721930835534681 0.9953511049115591 -0.09631291684576058
00:00:08.407 135 13.5 0.803784426551621 0.594920663309892 0.956375928404503 -0.2921388087338362
00:00:08.501 136 13.600000000000001 0.8591618148564968 0.5117039924531475 0.8792730616507226 -0.4763180482150184
00:00:08.597 137 13.700000000000001 0.9059547423084626 0.42337454445066386 0.7671163526355278 -0.6415079902223857
00:00:08.693 138 13.8 0.9436956694441048 0.33081487794904696 0.6243771354163914 -0.7811230330551143
00:00:08.787 139 13.9 0.9720075013949759 0.23494981853982308 0.4567459721441928 -0.8895971655362084
00:00:08.882 140 14.0 0.9906073556948704 0.1367372182078336 0.27090578830786904 -0.9626058663135666
00:00:08.917 141 14.100000000000001 0.9993093887479177 0.03715838479082463 0.07426544558435777 -0.9972385088794741
00:00:08.951 142 14.200000000000001 0.9980266527163616 -0.06279172292408354 -0.12533562609643265 -0.9921143990644502
00:00:08.986 143 14.3 0.9867719642746133 -0.16211443649971827 -0.3199399618841981 -0.9474378189567576
00:00:09.021 144 14.4 0.9656577765492774 -0.25981735621375585 -0.5017893010205742 -0.8649898828201886
00:00:09.055 145 14.5 0.934895055524683 -0.354924266788705 -0.6636338842129675 -0.7480575296890003
00:00:09.091 146 14.600000000000001 0.8947911721405034 -0.4464848914122672 -0.7990214786596159 -0.6013024834811519
00:00:09.126 147 14.700000000000001 0.8457468311429334 -0.5335843865891192 -0.902554608210187 -0.43057540477662676
00:00:09.160 148 14.8 0.7882520673753163 -0.6153524829547208 -0.9701057337071853 -0.24268264344292018
00:00:09.195 149 14.9 0.722881349511976 -0.6909721807191258 -0.9989818049469494 -0.04511489094451135
00:00:09.230 150 15.0 0.6502878401571168 -0.7596879128588213 -0.9880316240928618 0.15425144988758405
00:00:09.264 151 15.100000000000001 0.5711968696599872 -0.8208130944926693 -0.9376917403002799 0.34746827218126325
00:00:09.299 152 15.200000000000001 0.4863986888537981 -0.873736983011081 -0.8499690458793262 0.5268326309626121
00:00:09.334 153 15.3 0.39674057313061206 -0.9179307804142932 -0.7283607678315934 0.6851938352639869
00:00:09.369 154 15.4 0.30311835674570226 -0.9529529168871803 -0.5777150444457317 0.8162385236075703
00:00:09.404 155 15.5 0.2064674819377966 -0.9784534628188842 -0.404037645323065 0.9147423578045313
00:00:09.440 156 15.600000000000001 0.1077536522994423 -0.9941776251838154 -0.21425254029588423 0.9767783008322618
00:00:09.623 157 15.700000000000001 0.007963183785935567 -0.9999682933493399 -0.015925862600098248 0.9998731754079828
00:00:09.797 158 15.8 -0.09190685022768164 -0.9957676088732885 0.183035728980588 0.983106261762453
00:00:09.832 159 15.9 -0.19085858137418937 -0.9816175436063844 0.374700263649462 0.9271460038316639
00:00:09.866 160 16.0 -0.2879033166650653 -0.9576594803233847 0.5514266812416906 0.8342233605065102
00:00:09.901 161 16.1 -0.3820714171840091 -0.9241328000731296 0.7061694571803343 0.7080428643420057
00:00:09.936 162 16.2 -0.47242198639846616 -0.8813724903622346 0.8327594853077798 0.553634933534655
00:00:09.971 163 16.3 -0.5580522712867794 -0.8298057980706491 0.9261500206805285 0.37715532502333365
00:00:10.005 164 16.400000000000002 -0.6381066823479502 -0.7699479605420695 0.9826178773641409 0.18563972388578434
00:00:10.040 165 16.5 -0.711785342369123 -0.7023970575027135 0.9999118601072672 -0.013276747223059479
00:00:10.074 166 16.6 -0.7783520785342984 -0.627828035246386 0.9773425123922587 -0.2116639163173255
00:00:10.109 167 16.7 -0.8371417780197468 -0.5469859627942356 0.915809602890819 -0.4016127130121261
00:00:10.144 168 16.8 -0.8875670335815046 -0.46067858741136253 0.8177662545264418 -0.5755504782013432
00:00:10.179 169 16.900000000000002 -0.9291240127343697 -0.3697682638631698 0.6871211462047392 -0.7265428620792345
00:00:10.213 170 17.0 -0.9613974918795568 -0.27516333805159693 0.5290826861200238 -0.8485702747846052
00:00:10.248 171 17.1 -0.9840650050816434 -0.17780907112311564 0.3499513689566622 -0.9367678684526696
00:00:10.282 172 17.2 -0.9969000660415961 -0.07867819473184015 0.15686859504841 -0.9876194833474773
00:00:10.317 173 17.3 -0.9997744310730111 0.021238808173646012 -0.04246803471695152 -0.9990978260547261
00:00:10.352 174 17.400000000000002 -0.9926593804706327 0.12094359992847767 -0.2401115979537814 -0.9707452912726807
00:00:10.386 175 17.5 -0.9756260054681576 0.2194399632114593 -0.428182669496151 -0.9036922050915067
00:00:10.421 176 17.6 -0.948844497918124 0.31574375491924334 -0.5991834492142653 -0.8006117624589936
00:00:10.455 177 17.7 -0.9125824497911845 0.4088927393988798 -0.7462966756449163 -0.6656134553337595
00:00:10.492 178 17.8 -0.8672021794855813 0.49795620278841546 -0.863657408692956 -0.504079240209085
00:00:10.526 179 17.900000000000002 -0.8131571116614864 0.5820442524021253 -0.9465868462849627 -0.32244897649130216
00:00:10.561 180 18.0 -0.750987246771676 0.6603167082440802 -0.9917788534431158 -0.12796368962740468
00:00:10.595 181 18.1 -0.6813137655554999 0.7319914978089467 -0.9974317674536479 0.07162310572917044
00:00:10.630 182 18.2 -0.6048328224062841 0.7963524702919231 -0.9633202244737609 0.26835451388009673
00:00:10.665 183 18.3 -0.5223085896267315 0.8527565521308732 -0.8908041440768614 0.45438747440426913
00:00:10.699 184 18.400000000000002 -0.43456562207189353 0.90064017238477 -0.78277451355065 0.6223054402265364
00:00:10.734 185 18.5 -0.34248061846961253 0.939524893748256 -0.6435381333569995 0.7654140519453434
00:00:10.768 186 18.6 -0.2469736617366209 0.9690221929390499 -0.478645918588415 0.8780080208168103
00:00:10.803 187 18.7 -0.1489990258141988 0.9888373426941459 -0.2946716015002576 0.9555985806128394
00:00:10.838 188 18.8 -0.04953564087836742 0.9987723565872102 -0.09894965755028955 0.9950924405655388
